-967
-9360
-6833
7131
1343
2307
8196
-48
-9977
-3199
554
-5535
9168
-2991
6564
-5365
5395
-9247
-1433
7120
-6764
-2873
6510
-8431
-1210
-3699
-7610
4786
978
2300
-1153
1322
7675
6380
-7143
-7258
28
1764
-7426
7373
9072
-8950
-2673
3929
2644
-9863
-750
-2482
3040
3597
-8806
-8888
-3666
4087
-9366
-8911
-1912
-1508
4959
1416
5454
-9079
-140
-8943
-7226
9049
-4068
-1356
-3092
2269
75
2908
5298
-9226
-6537
8902
6421
-8381
4227
174
-3133
9188
9204
6179
2068
1841
-9148
6331
8993
-5580
-6915
-4068
6573
-5496
-1885
4490
3206
357
-4039
-5552
6578
-777
-1292
9592
825
7418
-3874
6921
-2989
-6431
9295
-8924
7180
-4569
4679
-4010
2747
-2113
-3597
-812
7563
-4024
685
-9480
-720
3771
-1023
1450
-23
8741
9108
-5204
8355
-4221
-7764
-9859
2087
-2935
-722
-2664
-2557
8389
7994
-472
-4256
9935
-3820
6949
-9558
-467
-2025
-1578
-8557
8047
-1138
-7461
144
5399
8008
-3589
6300
-8439
-7287
-8897
3730
3747
5467
-4722
-231
-1014
-465
786
1825
-3688
62
-724
4930
-4757
9885
-9965
-8831
3452
-8928
5957
-6094
8217
-7601
-8157
3242
-1062
8973
-8049
5928
8216
-9140
-668
5433
-1312
-7641
6161
7382
-4390
618
-1348
-5363
8383
-5570
3432
7670
7814
-9493
-2208
-600
6738
-1366
7585
-7754
604
-875
1313
-3390
-5262
9487
4482
-5176
-6840
-4679
-7230
2387
7650
-7362
-8992
7156
1283
-1571
-4615
-6965
8666
-3004
-3996
-6589
-7018
1479
-2156
4421
-3958
-4012
1089
-3372
-2444
1858
-1580
4256
-3359
-696
6062
-700
9807
4193
8790
-3761
6667
7729
3324
2895
2168
-6252
-6415
-2336
-173
6620
-9998
-5035
-3857
9388
-2528
-7080
3161
8925
1405
-5363
5796
-1406
-2933
3365
1250
2519
-2814
4426
-1540
-6353
9579
2023
-2064
-6470
-7757
9365
-9787
722
-5242
-5831
2221
-6654
4814
8859
5421
8668
9019
624
8376
-2288
5547
4564
9966
627
-6984
3882
-6173
9130
-2394
4337
6950
9765
-5055
-745
-3712
-7633
2319
-3903
-5145
-4333
6363
6478
2476
-7499
739
7564
8728
-3532
3213
-1237
2814
1858
4469
367
-6262
-1731
-614
-7792
1555
-7413
-7043
4057
7662
-8737
3824
-5539
5733
5117
-615
9318
1994
1688
-6566
7637
-1405
-7208
5457
8907
-4253
-6914
-5470
-4749
-3166
5453
2473
6536
-4799
2239
-4889
9698
9006
-9750
2003
-6704
-3653
3859
877
30
-8317
1375
1382
-3280
-6713
-6355
-7513
-4603
-7314
1267
4088
6378
3062
4898
-8318
2919
-4820
604
-9532
-1802
-1468
2449
-3241
8101
-7123
-1007
4097
9829
-6811
3647
4735
-6304
-1527
-513
1093
8285
-902
6698
3432
8552
7249
3626
-2660
1866
-5650
-666
-9758
6937
-6261
5521
-2005
3962
7979
-3336
-9907
6731
-8052
-4043
-4408
2676
-5384
8651
3834
1365
6749
5132
2582
3051
-9848
9685
1953
-8363
4992
5311
-8838
917
-7713
795
-5432
-6354
-3574
-6997
-3305
3324
-6203
1136
8923
9240
3012
-7903
9989
-1325
6630
-7682
1014
-9188
7517
8644
-9607
-4314
6909
-6865
2091
3009
9639
-9318
6363
-8795
-3178
-9999
-2854
3229
-5386
-1813
-2961
-6379
7557
-3659
5371
-3790
-8079
-1787
5432
7106
-173
-2212
-5173
-999
-3480
-7872
-6332
-8598
-557
-4009
-5623
-5145
-1832
-1388
-7400
6136
764
9893
4449
6863
5708
-9900
-6183
1904
-8073
-9
1125
8050
-7399
7305
-6308
7002
-1576
2393
-4332
-528
5156
9727
64
4663
718
-2321
-4777
5605
-2442
-3912
8061
-2521
-7962
5177
6748
2642
9828
4655
1180
-3400
-7271
-4653
6572
-3862
-1052
6363
-6793
8774
8232
-4485
8400
8645
6532
9885
-6159
3042
8648
7614
2169
-935
5811
9615
7931
4313
6257
4935
2726
9377
8419
-3687
4512
7825
8115
-4597
-4164
7816
3603
2041
-9197
8276
-1411
2619
-7051
-3536
4131
8387
9382
-6229
5440
-821
5584
9191
-4667
-6179
5225
-1822
-121
-5803
-2634
4416
8580
201
-9448
-4521
6531
-8534
-7706
-6760
8950
-6759
7398
-8897
-6806
6467
5400
7581
-7182
4189
9479
-2848
-7580
312
-2038
-850
5122
1434
2179
-5659
-2866
-3729
4168
9285
5438
-9928
3262
9452
-7449
8172
-5827
-1785
5972
6821
-5553
-1475
7878
-1853
-2307
-7450
5422
-8275
6493
-9365
1792
3484
7015
8274
-5744
3469
-3520
7843
5526
7999
-1510
-6979
-6185
5178
1345
-9538
395
4027
3268
-4908
3350
9201
-3754
-5256
1268
1426
5240
9559
-78
9916
-1831
8687
5418
3091
-937
6956
7823
-9371
-7112
9462
2334
7184
697
533
8124
-7452
7900
-1294
-2304
9253
5460
5918
-4982
7385
945
-3253
-7530
6061
9365
-6330
-1451
-416
-9287
-7550
-3576
-3800
4408
4758
-2039
-6690
-8772
1506
-4026
8096
-9177
5049
1894
2357
8510
8484
-7382
9654
4660
6451
-8486
-4204
-6375
8909
-9573
-7366
-9462
4446
-5823
-2745
-7498
191
621
-3992
-8634
-5235
-6625
-3924
-2944
5659
8611
6725
4586
-8380
-8746
-5476
-8359
-5878
-5090
7445
867
916
-2250
8726
1228
-6035
7208
-6731
8643
4398
1306
-9452
9011
-3175
-4969
5964
9866
9913
-1852
-5735
8367
9407
2772
5976
-405
-2748
8282
1019
956
-1944
-7936
5433
-8011
-242
-530
7628
-8607
8967
-5510
-7498
5308
-9488
-7501
-1097
-3771
-7256
4892
-6154
-9100
7212
-9572
8149
6994
3724
8023
4544
1343
-2995
8507
1478
1850
6686
-7285
8932
-2426
7201
1210
6419
-1292
1066
1265
-7494
5780
6842
5607
7511
4942
1921
-7624
-8650
9715
4035
-22
3909
-745
-2153
-665
-5859
4377
3232
1110
3223
2384
-412
-2468
-4253
9506
7560
-2781
6180
-3759
-9343
7694
9569
-2915
1673
-6262
8179
9323
7072
1205
-5036
1644
-9247
-7265
5408
6660
-140
5878
104
-837
-8041
2702
-3511
-9038
9422
2764
-1474
-8926
7328
-1119
-4576
828
-3379
-6164
-7660
-626
2151
-636
-823
8569
1156
-3641
1289
-7452
2135
9665
-671
3597
5008
-7262
1194
-8547
-5749
257
6498
7559
6149
4136
-9329
-8288
-4521
3736
8505
411
-6936
4713
-5022
-6209
-2911
517
875
9153
4705
-7529
-8036
1707
-3103
1189
-8831
8026
4190
-5091
5826
-9686
-8158
411
9862
-7573
-8863
4081
7924
-3753
9823
5980
-3294
4052
3393
8541
-9013
7949
5931
9256
2725
4951
-5232
8807
-2632
-8608
859
983
2631
5124
-1434
-8197
3856
1671
-4041
-6517
-5605
-4741
7968
4610
2706
929
8105
-5187
-9749
-402
-2071
2948
-702
-6412
-7244
2091
3110
9756
4646
3874
8879
-1274
8038
-763
-3457
8191
-563
1470
-6127
-5418
-6572
2513
-6786
-9879
-5926
-5688
-987
-743
7703
-3004
-7171
-2681
905
697
-7966
-7036
-9579
-7498
581
-5003
-7743
831
-3610
3001
3385
6323
3984
-4845
-7862
-4339
-6225
-2950
-6355
-4150
7368
8570
-8585
5109
-4505
-9909
-3022
-2488
-5585
-7256
-1057
-5447
-2652
7496
2933
-1728
9012
7832
1133
8883
6564
7017
-8462
5562
5377
-769
8582
-911
-1837
4293
-4236
7828
4441
-1598
758
3666
3501
-4776
-6813
-631
5520
2517
-446
-7156
9639
6772
-660
-2693
5636
5512
-8776
4340
9517
5836
9942
-7598
-3907
-4001
6761
4419
-1169
-8209
-7086
-3673
5929
-3716
1140
6379
-1136
-1073
-9805
-5832
-9459
-7981
-131
3267
-2607
4316
-1447
-1578
-6459
8004
1524
4641
7538
8040
1103
-2125
7184
8650
-8086
-6238
1591
4093
5313
-1672
-3770
6783
-179
-7503
2068
8831
-7580
-1935
-9970
-5271
-799
-599
1736
-9254
5476
6956
-2963
-2794
-7052
-9755
-9360
-8358
1539
9713
-8051
-6194
1521
4269
-516
8828
-5516
3707
-9588
3177
2916
-178
-8413
6975
-8543
-1480
-2502
-9365
2305
3764
-2145
8719
6575
3635
800
-4144
-5818
7045
358
-6186
-5992
-1650
9192
1178
5774
-3515
-410
-9386
9745
-8108
-3580
-6880
7168
6300
-6599
6970
2951
-1039
8212
-4998
-6093
2105
8068
-4000
9880
8938
-7378
-2682
-273
-269
-1206
-396
-5603
720
7988
-5906
8999
-1779
6477
-3224
5239
2838
-1029
-1690
-6570
1129
-7830
2085
821
-1641
-8967
-8573
-5132
-646
-1528
-6752
7041
-5179
5722
-8000
-8527
6756
-2748
-6256
3634
3416
-9440
-6279
-5817
2971
1976
-1843
4486
-4947
4405
-2160
4802
3784
3096
4649
-3134
-2417
-1487
7168
-7054
4546
-8146
-1430
-5585
-2239
-959
-6260
426
-1705
2251
-8212
2600
6429
3418
7785
-7573
-1182
-3220
5937
-7815
696
-8114
-3980
2070
2574
3939
-9628
-6046
9585
6890
7664
5619
-1509
-3135
-6872
-6682
-3328
6538
4696
-8566
-3780
-9983
-9035
-3604
8626
4541
6781
4455
-3920
7272
-2957
8732
9277
-4372
5834
-9481
-5552
-8781
1168
-9918
-8512
882
7636
2610
6537
-2561
1064
6341
2064
754
7822
-3758
-326
1419
1167
-7918
2489
9337
-4288
4924
8407
1338
-6675
5234
-4028
-141
5994
1509
-1457
-8748
-2123
-659
4142
5919
-7341
-70
9526
-4601
5736
-4651
-5514
-6786
-6710
9621
3112
-8220
9857
-4003
1555
2762
1563
-3375
3078
-9381
2221
-1266
1452
-4586
132
417
-7349
-5955
-9225
-3179
-9249
304
5345
6176
7686
8588
1954
-3699
-8762
3194
-7633
-457
4866
2095
5179
-3153
8743
-861
2574
8085
-335
4903
6294
-4750
6504
3985
-1039
-7405
-2529
-2593
-6001
-7322
-6764
4209
2545
-3699
3726
7956
8272
-271
-8433
6000
5332
-5010
7524
-2305
2574
-6110
-2013
6554
-4156
5074
258
2348
-2473
8549
-5089
-8692
-1486
-7118
-1469
122
-7483
-7766
969
-7626
595
5926
-9126
-3204
2419
6927
-8994
-1576
-4737
-2676
2947
1847
7887
-6326
8184
-3888
-8264
-3204
2940
-2540
3790
-7814
-7863
-2013
-1909
-7187
1276
9514
-1986
-4076
7465
-1385
4592
-8846
4496
924
-8453
9464
7618
-9360
-537
-6119
9750
9065
-9269
-7437
8570
3895
2360
-2782
6402
9656
-2854
2048
3063
-4627
-1068
-9270
9277
-6300
7268
6681
8499
8008
-1447
-6680
-2540
-5542
-759
-8319
5186
-794
2922
-7766
9747
-559
5361
-2994
3144
-6770
9511
-5234
-644
5727
-4733
7572
-1063
-1818
7853
-9222
-9736
3317
-3390
-6791
-7385
-3051
-6198
-6639
8725
2564
-9605
9163
-5038
-4619
-7588
-690
9846
5326
-1086
6987
-4824
8437
2998
-1777
-6217
-3105
-734
6536
-9094
8975
-9209
9921
6763
4659
-8590
-8483
-8245
8843
6464
-3477
4797
-7110
4246
3710
-3848
466
6727
8791
932
-6622
3484
-4080
-6281
5614
9310
-6612
-1097
2199
-9001
-230
7517
-6772
-2837
-7216
-4999
-2075
2863
6236
-3723
1769
-9242
-4999
4474
-9164
8212
6453
9219
-6401
9556
-6229
-2787
-1125
9702
8938
1043
-9965
198
-5190
5643
8833
-1579
-4047
9185
-2561
-7632
-6247
-1293
1649
9918
7575
7895
7953
-1555
-5896
1803
-513
-1961
8720
880
-5244
5951
-9533
8386
8447
-6804
4530
-1656
1004
212
-3573
4626
-4520
-4422
3646
-1185
-7264
-7478
-6484
2940
6155
-8546
7661
-2725
-3659
3143
-9411
-100
-1125
1820
6872
7745
-2272
3658
-7161
-4684
-3575
-2641
3084
-507
1903
-7925
8914
1539
-7959
-2921
8107
467
7200
217
-6745
-6497
-7925
-9445
6151
3890
-254
7580
-1212
5961
-8979
9235
-2530
-4615
-8812
-4504
5658
1487
-8692
-228
-3608
-3703
2429
8929
7622
-1648
9591
-7087
6723
39
-5403
6894
-8402
3038
5035
-9355
8759
6582
8641
-5635
-9266
4926
4590
-2226
-2494
-2239
4866
1491
8501
-3861
-5005
-9649
-2235
8282
8616
-1425
3371
-2371
-2865
-5316
-9708
6670
8382
1693
2128
-3650
5110
-2735
-950
7463
3670
-8298
-4276
5633
-4425
441
-3701
3482
3494
-7789
-4554
-5294
5467
7041
-6509
-8692
-688
9864
4557
710
3077
-2560
5288
6879
3962
-5667
-8195
-3531
845
5616
5769
3480
-8192
8257
-9618
-1341
-7137
-3005
-5700
1202
9941
-8517
9343
9297
8166
-8530
-2291
-9662
-9391
8535
6621
-3885
-5916
-6370
-3882
-5306
-518
-9670
-2339
-9341
119
3033
2991
-3573
749
3615
9309
-5421
-1780
-6385
3563
2124
-5086
-1477
7203
858
-1049
-8786
-7893
45
-6265
-184
-1732
-5200
7338
-821
7271
7531
-8858
-5298
-241
-3283
-8510
-8112
-524
6258
5009
-4179
3374
8427
9455
-3135
-501
2132
-5465
-7249
-9987
9184
-8295
-3374
8263
1076
-6195
2222
5988
7773
7772
-2315
311
-1564
7837
-5141
-1409
-3896
3554
4435
3313
-8772
-302
9274
7963
9718
-5617
6706
8255
7877
7390
775
-9457
6556
3916
-1733
-2799
-2073
5405
2280
-9169
6623
-1201
4659
-8072
-513
1309
-4556
2750
4657
-7018
8630
-4848
-4341
-6879
-9888
-3753
4332
-3499
1851
-6015
2093
-1491
9019
-9752
-8321
-1344
6975
-539
-7576
-7454
9025
-1583
7142
3065
-3259
4915
-9900
-3853
1396
4991
-8349
-6862
9162
-8853
1149
-2486
-1941
4541
4338
7080
-6644
1658
-846
-1531
8853
6128
-7900
-1197
1530
4345
5771
8532
6906
-7211
-5920
-3713
-5914
-2944
6787
3331
6671
-8324
-5561
-454
5424
9660
486
-6387
7258
9121
8893
-3105
-9420
4088
363
4156
4372
-9127
5749
-913
5941
-8705
8572
8900
-6558
8955
-3067
-5834
1678
9699
-852
8121
6062
657
-4638
8903
-100
-9404
-6913
8471
-9011
-5697
5530
-2301
-2126
-9187
-328
-8408
-3100
-2326
-7092
3542
6200
-5825
7971
-3997
-3963
-7475
-9144
-7682
2458
-3180
7346
1846
5108
2713
5981
-9911
-8580
-3698
-4001
-3527
6483
1073
3941
4917
1289
5725
8798
-2994
-120
2680
-975
-4036
-2593
2115
9092
-4431
-2674
-2881
4871
6094
-1959
6668
-8137
3809
6395
4543
-3705
-3644
5509
-4479
-7450
9469
3325
-3489
9385
9716
-9507
-9781
376
9582
-907
4599
-5176
-4643
-21
-4213
-1787
-5269
-2894
-2974
2361
-1999
8586
6492
3540
6590
6009
-5650
3070
-9735
-5902
-5373
-2143
-2651
-3967
9891
6141
7648
7174
4277
-8687
-7327
9002
-8846
9655
1267
3872
-7501
166
-751
5155
-5729
-7289
-967
-7893
8350
-8906
9974
8910
-874
-1527
2863
2970
1616
-3290
-4140
6054
-2443
-412
-5765
2762
-4047
6769
9914
-1605
2205
4465
141
-6838
-2744
974
1818
-6682
-1420
1159
-3427
6867
-1307
-900
4954
2625
-1035
8114
109
-653
3505
8433
7659
-6953
8901
-2163
4406
-2318
8505
-5559
8858
-3100
-6544
-3669
4998
-3876
-6504
8926
7200
-7286
-7193
-8767
-2954
2935
5118
3111
-8380
-2926
-6303
1820
6515
-8335
6916
-3713
-6984
-8893
-5
-5934
-1567
4260
-2648
-6812
-5904
7567
-9004
3174
-8858
1624
-2296
3149
9658
4590
-4645
-6479
1377
6182
809
7792
2776
-1831
-9899
5943
-731
1101
-2997
8578
7758
7536
8877
-1201
7793
6664
-8573
6002
8928
4756
481
6538
-7099
6098
878
1285
-593
365
-2561
-3996
-6914
5544
3449
-2131
3534
2403
168
1660
-3015
2116
-9616
-874
-5443
-1975
-4959
-2185
-25
-685
1545
2708
-2788
-4106
-2468
2762
6784
5761
4233
1351
-4607
-5868
428
-6753
-2646
-8670
6587
3586
8050
2517
-2274
3634
784
5913
-7042
-6696
4471
-4378
5448
3482
8394
-8580
-82
-8231
4807
-4992
4467
-1079
4045
586
-2946
-4668
-7520
7184
-5616
6739
1475
-4461
-9441
8878
4223
2770
-7185
6701
2679
-4587
7770
-2353
7572
9270
7699
-7383
283
-2449
-7225
-2860
-5156
-1237
-520
6879
-6752
9248
2761
1184
8866
8246
-4871
9042
8941
-6556
-9457
-250
1953
2204
-5862
-2541
6782
2677
2614
6884
-4444
-3492
-1224
-4279
-8543
-6854
-3161
315
-9037
-2893
2750
-9655
-717
220
-3518
-2736
-9431
7826
7211
8507
5405
-1445
-2908
4756
7238
-5602
1371
6878
-1281
-8407
-6905
761
-4168
1121
-877
-139
4866
164
-9366
5526
-6098
-9899
-5252
-9913
-2974
4334
-7670
-5662
-2737
195
4995
-9521
-4336
-9298
2368
-1420
6376
3003
7678
-4636
7233
-8811
9439
2769
6740
542
5026
-1211
1048
8991
-9003
1150
4352
7806
-9422
-4022
8777
-7511
-4570
6196
-5339
2569
4584
631
-8545
-8981
-8527
7442
6962
-2735
120
5025
-4028
76
-1771
790
-5857
6322
6344
-9289
623
-7506
-9488
-8090
3718
2657
3577
8218
-100
-8790
-800
-1794
9874
-8770
-1090
5142
-767
5828
2987
5473
602
-6172
3759
8241
-555
7023
-4717
5334
2352
-2146
-79
-2404
116
1446
-1349
-2816
8692
3168
-2991
-9985
3707
6165
-1720
6869
1382
-8306
9034
4373
-8368
651
8873
-6513
-6059
-3164
5646
-426
7972
-7311
8426
-9852
-2770
-7169
-9004
2473
8687
4433
-1586
-594
9603
854
7095
5506
-3706
2418
996
5527
5906
6737
9593
1144
-378
2674
5176
2712
2530
4866
1660
-4280
6640
-9636
-4027
1499
4983
-7266
1252
-1963
-5605
-7813
2582
-9687
-6379
4572
8928
-837
1040
-3148
4266
5061
-4102
-3609
-6673
6624
-6989
2767
7392
6236
-5781
-4864
-8633
-6523
-6634
-1856
3846
-262
767
-9707
-7450
-7440
4485
-3594
4638
-1354
3920
-2880
2330
8025
-2401
1824
-7504
5082
8796
-5951
-3805
1524
-8619
-9847
346
-3911
3592
-4280
-1201
8281
-5354
-2065
-9935
8461
6892
3054
1806
-6319
-1189
-8109
-8583
-3621
638
-9122
-1267
9751
-8822
8702
7989
1845
1855
-5407
-7510
-7357
-5333
-9779
6340
1644
4476
1376
2147
-1631
-1766
-7675
3356
1304
-3491
-5698
9372
4817
-725
25
2918
-4507
-1787
1393
1473
-3474
-1743
7567
-4770
-8122
-7961
-4321
3402
-3195
6412
-4914
-8393
7776
-6188
-9087
1577
-366
7619
-1227
2520
-774
5707
7553
-1063
7236
-3240
4051
-8528
7484
4889
121
-3907
9719
5438
-5119
3164
-9921
-3356
6391
3451
-176
-6733
-5516
5850
-4322
-6814
-1332
-2808
-6726
-4086
-1377
3855
-4886
9053
-6569
-2267
-1264
9184
-3358
2285
-1430
6962
-5091
-1372
-9954
1641
-3825
-3551
7983
-9956
2795
-6876
-7755
-4394
-6363
7680
-2133
314
-8820
-5457
4722
-4741
-3533
4057
-7601
5931
4894
-5944
286
-3080
-2208
3430
9242
-4190
1350
-9437
-8246
3313
-7785
2962
-5966
8022
5388
-1573
3680
2718
5344
-2346
-9502
-3068
1100
-8771
-8741
2945
-4590
645
-4518
-3113
7422
-8582
3910
-3743
-6321
-6850
6511
-4105
-7785
6098
9519
-394
9275
-5108
9512
39
-6407
2443
5144
963
-1779
-483
8658
2990
-6793
6780
4289
-9015
1539
-2891
4275
4060
-605
-4597
-9908
5528
-1452
-5127
-8855
8781
-6127
-9143
-4357
-8753
-1707
5884
-8444
-3499
1778
472
-7948
8380
-1050
-4980
-2069
7972
5542
-2740
7427
807
-8344
-9509
8611
10000
6303
-8444
-3695
3755
942
-2697
7025
-3168
3582
-3095
9901
-212
-2113
-7895
3809
-5632
8292
-3200
8354
-9092
8311
-2356
-280
-1913
3833
3293
3201
8366
-6630
-9594
-6806
6186
-1354
-944
4699
-6751
-3624
-1307
7956
8151
846
8405
1994
-3406
9801
-8607
2782
-4072
-8059
980
9266
-8903
5311
8712
4558
-7501
3793
4873
6605
-4313
-6287
8743
-4394
-320
-7440
9522
2025
8077
-9776
-1707
9197
-2532
7282
4215
2435
-7223
5170
-5682
-10000
3840
-7814
-3746
3859
-9299
-7066
1887
4215
-8311
1305
-4072
4687
-5000
-5660
-2681
-7963
-4873
-6522
-933
-583
787
817
-2574
8036
9896
1289
-1651
-3223
399
1492
6343
-8213
-3587
6369
-9282
7979
1391
-5741
9903
3612
-6604
4448
9058
7906
8926
7341
6766
-1704
-2714
-2399
1699
9541
-1667
1979
3118
2220
5650
8294
7088
-7769
-5795
-6478
-9463
9974
-6120
-2248
2498
-882
6414
-8735
3106
-596
-9067
-1903
9202
5101
-2214
-6901
-5222
-8398
7168
-8787
-7942
4505
-2919
-4987
6489
-4089
3189
-6667
-2491
-4945
-6340
3735
-4580
8316
379
-3822
6559
-857
-3423
1097
9400
-5925
-7
9858
-3887
-4797
-334
271
-8325
-5191
9244
3182
-5573
-1484
-22
5458
-3036
4691
2485
-6584
5090
7839
-5239
8614
-7276
-546
3748
-6617
-4699
8976
9376
5294
-5669
-5439
1123
8005
481
-8757
-6523
6910
2547
7079
-786
2895
8515
-4921
5431
2874
4035
7825
-2532
-6138
2711
3289
-3850
-210
-9149
-1429
3898
9603
-4304
4700
-5573
8886
-8142
-7939
-6424
3473
-4398
219
-7382
-1168
4850
-7951
-608
-8801
-6613
8842
1664
-4292
6011
-4713
-3290
9070
6041
-7015
7112
-9841
-1628
-8827
200
625
7590
2490
885
-5203
324
6758
-5930
4388
-9441
2282
5332
-507
6147
-4742
-3323
-6239
-2253
-460
1703
-4926
-4647
-8687
-2276
97
5924
5867
-7345
7370
1826
1711
3114
-2944
-5273
7088
-2925
444
-6433
3427
-3809
546
8063
-2562
-1868
8867
-7401
-1237
8408
-4470
-8472
8653
-9977
-9989
-5134
-3178
-3573
7285
-977
-6966
-277
-3762
9124
-4899
5748
-1871
-7546
8165
765
249
-4508
8593
689
5112
9106
9660
4398
-3764
-2279
6459
2897
-2076
171
2722
1170
9511
8197
-8765
-462
-487
-2546
1810
-1254
8218
-4962
8967
-6772
-7889
2505
-5744
3994
-5224
-3124
-1864
6897
-5417
-7986
-8379
6462
778
5030
-3399
602
-9446
3939
420
-5862
9223
-1961
4478
-6625
4030
2596
-327
650
-2141
7066
4668
2751
-6336
-7591
3013
5805
-196
2013
6281
-136
-7584
-4888
-1911
1285
-5400
-4245
-7092
5619
-901
3597
-842
3004
2654
9829
-6385
-3788
-3665
9202
-7653
9856
-555
4994
-3360
-7450
-1976
2765
-113
8330
-5376
-9296
-4806
117
5505
6843
5667
4141
-4078
-8189
-1056
-1930
7445
5188
1117
-8116
-9847
-2761
-9799
804
1519
7482
8796
-5424
7564
-7532
-3279
6833
-580
3044
3622
9749
-6736
8448
-4099
2654
-3869
6330
-4379
2526
-4565
-601
-3894
8612
-1358
-3234
-1443
3941
6251
-2417
-2720
4031
-7072
-1887
-5069
79
-1048
-1385
-1642
7343
1563
-7383
-8564
3905
-7478
7123
-3341
-8859
9740
9932
5509
-4058
-3362
-9260
5837
-4823
1914
-4439
-6668
-7496
1273
-2985
7430
3446
-6905
623
-8090
-2294
-9285
-8559
506
-9010
8004
-8171
-9585
-6198
3266
-8318
-7847
4165
-3817
3834
4030
-8938
-5874
-2472
8005
-1713
-291
9930
-9735
3582
2841
-8026
7490
-1435
1716
-3460
1724
5786
-741
-358
6286
-9923
-3228
-5808
5643
-958
6540
1020
-7435
-5260
-4313
4790
-8118
8493
-1337
6081
7107
-3555
-3688
3737
-7955
-943
-3089
-88
925
-8005
7767
-5635
-5776
-3852
-9792
6126
2393
-1331
-6074
3311
7317
-9125
-4637
-8964
5687
2039
-9259
-5540
-494
-3074
1164
-1260
-1086
6327
-6043
-6777
-4285
3589
3456
-8417
-9063
9801
1151
2232
7880
-4489
8259
8175
6381
-6550
-7852
-2176
-8572
8927
-313
5707
-8659
-5803
1546
2019
-5256
5146
2535
-8798
-9197
-5720
-1093
-6250
5683
3819
5690
-7488
8844
-469
-9044
-7391
-2130
-6355
2748
-3258
9807
7170
-5673
-476
9583
2448
-1133
-907
-2713
-8459
2812
4414
7752
4168
1001
-8052
1634
4644
8566
-8794
-7150
5715
-5115
-5517
-3745
2325
-773
-3499
6377
4590
-626
-4463
-7331
3136
8835
5595
-3362
9778
-3444
681
4109
-8672
8434
9277
-3583
-3335
-4684
-3969
-1835
-7499
1341
-7169
2486
-2652
-9790
2346
4473
-3817
-1196
-2324
9839
-9329
-5771
6412
-9821
-4899
2651
-5452
-8339
2008
-3745
9212
-7955
-412
2666
-9406
6199
3313
-2419
-2738
1581
-8330
2823
-1426
5760
4023
-5765
-5261
519
3994
1948
4594
-4078
2853
4420
-8943
-7089
7902
3326
-8472
502
-2999
828
-2774
-3849
1544
-6908
-4044
2497
-8960
4460
6606
-3645
395
9078
-4924
8119
-2729
4661
-3028
-8534
9764
-8733
-2204
8037
-6167
-1214
8362
-6266
9346
4741
8134
7713
9220
6185
6245
-1196
8595
-9240
7745
1766
-1435
-7155
3173
4434
-2316
4159
-2236
2425
1478
-1374
-2300
-2650
-8350
-5886
8085
7790
7118
578
5598
-254
-538
-8032
-4344
1119
-4416
1762
510
-2115
2681
2167
-651
7176
8211
-3597
-2301
-7627
-9041
-497
3963
-4721
-1659
7184
7957
-3142
3558
8667
6230
-3199
112
-5936
-4853
5337
9462
-5793
-2449
-6611
-2068
-9642
-2429
-8243
-6010
5219
-9709
-1007
9077
-5821
4234
9371
-4289
-5621
3023
7869
-9938
1825
2386
1648
4117
-938
4502
8367
-6251
5775
-4254
-1358
2224
-1140
1521
-180
-6956
8008
-1347
-3390
-666
7450
-4789
6801
1430
7638
-2915
7132
-5104
-6664
4487
-6937
2592
9985
7412
-8365
-6935
-3011
745
-6935
280
-2450
-2775
-9938
-5325
-1791
-2222
-3721
-4768
7046
759
6634
6024
-9760
-1764
-8201
9228
-3800
-9703
-184
-9079
1784
6851
-8889
3445
-2720
-6471
-9315
9227
-6490
-4408
-8543
348
8940
3983
1096
-4318
-6920
2556
4470
-1775
-1558
-4329
-6
-4534
3546
-2249
-4606
9604
-7675
-7049
-3181
-8735
-9422
-8901
6039
-4104
6303
-3226
8478
-564
9577
-2510
1464
-6513
-1974
2547
-8784
-379
-5803
2246
-1667
5538
-8622
-3805
-3091
-7229
1796
9135
7803
-5272
2504
8711
-8919
-9945
8867
6295
-8206
-9365
-1024
-9479
-3434
-4684
6028
3187
-4930
-6971
9769
7534
3100
6546
-7824
-4234
9711
2795
-1283
-2142
1778
-718
5546
-7122
-5981
-1045
-1314
-7748
-7827
1966
365
4275
5038
-7094
5020
1496
4992
1357
6824
7695
6621
3218
5870
238
5330
-5440
3517
6652
-6197
-2557
-881
-8097
590
-3157
2053
802
-516
-4502
2352
-1234
-9099
9999
530
-4891
-4396
1974
-1845
-6518
-9029
-3459
8815
5828
-6829
-6122
-780
-2363
-8355
-7865
-6323
6944
-1709
-4856
-552
-8630
-4145
-2739
-7196
-1526
3401
-7264
-4688
-6535
5139
6337
3977
-9023
-1306
3405
-3223
-5512
-4463
870
5957
6757
-4531
3074
2409
-9645
-1521
8507
5164
-3740
-9923
1357
9355
6511
-5287
1461
-64
722
9741
-7297
2157
-4194
9050
-7736
8828
6242
9818
7189
384
1400
7215
6549
3083
-7892
2379
7689
-7410
8939
-9873
-4523
4746
-7919
-5619
3418
2962
499
-6167
1444
6115
3937
-8534
5976
-4616
-6423
3829
7925
-2530
-6671
7589
-7097
5587
7610
7912
5174
8272
-363
1266
1688
7830
9255
-1588
-6715
3226
1966
-7025
4433
-5
4517
-1193
3394
428
8509
6463
-992
-9897
-6470
4489
-9813
6459
-7417
3708
6919
149
9007
-7854
7923
-7806
4890
6166
-4088
8496
-3095
-9002
6329
-191
-8622
-3020
-6650
-2603
9791
8607
-4269
3112
-6307
-3282
9455
-3695
-9676
-5114
3649
-4988
-9574
6582
6047
-9926
-5733
3272
-40
1314
-1447
-8511
9033
3930
4505
-9458
-5712
6163
-3260
6836
2293
-8636
-2608
1486
1472
-5195
-8290
8762
-9202
9662
1856
-8846
-6649
-1304
3109
5302
167
-7119
-3313
268
-9874
-7133
2434
-7880
-4614
-3061
-3080
3091
-5131
-5568
-6228
6555
-5737
9717
-1247
-8666
-550
-7415
-2035
-8759
9280
7937
2960
-4815
9845
-1120
7840
-7698
5480
1060
-6415
949
1921
-1524
8746
924
1239
-6323
-5495
-7206
-7331
1200
-8419
259
-4497
7506
1949
9997
-234
-7955
-8400
6543
-7022
2863
4100
-2012
235
5972
3000
9895
5404
-1738
-1242
2072
-2194
2197
1552
-2401
6459
165
775
29
-9071
-4050
-5132
723
-5381
-4922
-7736
8727
-4991
-1476
5277
2275
2728
-4833
4033
-5190
-817
-9411
8076
-9441
7132
-1648
1821
7088
6282
9301
9745
-8718
8258
-9484
5607
-4400
1552
3566
52
2209
7143
-9587
-423
-2696
6337
-1472
2216
3967
4120
7257
-4266
5473
-1368
1998
9126
-3249
-914
-4912
2769
-7670
-9013
-5476
8430
9530
-3896
8994
2484
6132
-3348
-3517
-6442
-9507
9385
1220
-2388
8394
6188
-6852
-9179
7464
-9118
-3399
6513
-7829
1153
-9257
-3939
-5763
7073
8603
9357
-8043
-2028
-3959
-5739
1625
4239
-678
8434
-6576
8347
-9800
-1945
-7794
314
-3965
8229
2712
-5703
7549
5754
6450
7109
2910
8622
-3697
-4352
6504
-7514
-1185
-5496
-403
-88
9855
4468
8378
-5454
-5133
-5560
7186
8777
-557
6321
-2727
9019
-3134
-5179
9775
-9553
-3704
-5858
7045
1518
3915
-8818
7720
1872
9928
-3989
-9457
-7280
-8217
-5113
225
2991
-7699
-9153
-5491
-7203
-3608
2458
7
-5031
-8198
-1484
-604
-7709
-4493
3753
-305
8239
5632
6357
-6011
5103
-6848
9824
3737
-4022
-9399
-4404
-9279
1043
-2548
8065
-6086
813
-5007
-1257
-2020
83
-3372
1431
8296
149
9461
-5632
1431
-5385
-2708
9959
380
-9289
837
5100
4613
8351
2845
-9148
6168
-352
-9901
-6924
3803
1251
5630
-9457
-7443
901
6683
-673
8848
4661
4306
-7670
1221
-4240
2904
-1723
-2228
843
-1817
-6526
2062
861
4534
7317
-9561
4994
-2385
5025
-3251
5337
9397
5171
-7503
-5801
3813
3546
-7008
6897
7307
-7812
-8192
-4307
6398
2518
-7425
7505
-9023
4926
8670
-8399
-4986
-5043
7558
-1238
-8881
-8998
3431
-5880
1134
6785
-8522
3376
-1902
6030
223
-9399
-1432
5281
9047
8451
6527
3520
8033
891
-1774
-7828
9722
8745
-3345
-3827
-8047
-8717
816
1021
8066
-9970
-8434
-8698
3758
4696
-7098
4728
8698
-6980
9267
-9843
6202
1466
8141
-1685
9356
3791
5867
-9401
-7218
-9484
8311
-3025
-1334
-725
5994
-1685
-9715
-875
9481
3239
-940
-5676
8599
-4910
6322
3496
5267
-5512
-6866
3060
1458
2073
9624
5511
-134
6565
2155
7691
8673
-7703
8683
-7764
2440
-6909
3855
-6920
-1247
379
5207
-811
3468
5127
9770
-9306
-9644
3426
-1323
-9467
-7552
-4212
-6330
-4527
-539
586
-7952
9637
-7797
4896
-7265
-9567
3550
-2533
2784
3767
-9624
898
5150
6867
-8927
29
-3544
-8139
1583
9379
27
-1545
-1648
2108
4950
5320
-2604
6920
7173
-7699
-5789
5923
-7419
-6811
6149
-5239
-2849
3205
4730
-1418
5309
-2498
-1638
9576
3842
5941
5833
4036
8490
3588
-5084
7583
-6899
7015
-6122
4351
7134
310
-3127
6902
6911
-1249
-4798
-4077
-3964
-3682
3840
2895
9480
-3732
41
-4641
-6712
256
5723
-2522
9000
7057
-3632
6967
-3536
-8321
-2781
-8376
8995
8400
3457
8212
6397
7671
142
-6581
-6996
-980
6960
-9824
-6491
1675
-147
-3795
8857
9572
-599
4058
8230
-983
-4922
-6351
6922
5807
7092
9690
-8423
-1417
3964
-5133
-4082
-1368
2518
6597
1881
-2292
7686
26
-424
-734
5604
-5206
1124
9734
-7210
4930
4593
647
-5522
-1453
-224
-3295
-9638
-5574
8196
3941
3417
-4671
-3151
6448
-5666
9931
2337
-7201
-6643
-5807
1914
-534
3742
2397
886
-9037
-3299
-5392
7628
-5147
289
-6802
6496
5300
-5386
-6175
-551
3138
9893
4197
2725
-3659
-9544
4895
-1088
-3035
9097
-7004
5986
-7546
6509
-3786
-6833
-6500
1646
2144
-5245
8286
-1013
-144
7754
-9333
4783
1456
-5528
2776
-7689
-3937
-2488
5032
-3119
6149
-516
9270
5403
9910
-669
8951
1365
-4522
-2139
-4377
-7034
5890
1510
-2449
-1389
-3560
-3447
-6755
-7393
2524
9846
10000
7482
-6768
-436
-6309
-8532
-4318
5434
8908
7931
7833
-9249
651
2987
-9337
7328
-8933
5076
-114
-488
-3183
9327
7457
5018
-9959
775
1970
731
-6220
-8295
-8922
-3945
-7813
57
-9857
-3081
-3489
2861
-9505
-8542
-4855
5029
8629
-7807
-5715
6736
-4454
2160
-6516
760
-7784
3635
-368
7718
-9757
531
-2895
-5734
944
4598
4218
5973
6600
1023
-8628
-9707
192
-7571
9905
-9234
2779
-274
6349
2752
-2831
-4758
7582
7933
3296
8813
4167
4477
7603
1280
-4337
-940
-9032
1181
2133
-6183
2819
-6717
-7849
-310
6271
-3835
-8254
-2541
-9578
-228
6533
-1754
-698
-9514
-3345
7098
3077
3838
8617
-750
4840
8790
-6487
-1033
2783
-7174
-9547
3430
-5502
1515
3058
7928
1355
-8140
2151
-5792
-4307
-5786
-8716
560
1051
3265
9604
9288
-5484
-1909
-6064
-110
3692
-7918
7086
-1765
-7907
161
2442
-8423
-7149
7799
9060
6803
-220
-6601
-9854
-8151
6744
684
7495
-5690
-3996
8008
4767
-9308
8165
8858
9083
5950
4697
-6757
5936
4034
-7477
-9251
-192
9891
4637
7024
-3861
4778
-7136
-5028
8233
-1848
-7837
-3535
7620
6321
-7562
-5813
7072
-5345
7387
-6608
3078
7713
-7461
1339
4664
6599
-3174
-4214
1234
-5151
1175
-4117
-50
2001
-903
-7487
-7129
3585
1101
2296
9622
2364
-7768
-8475
8343
9814
1376
-2616
4722
-8492
-8272
-6509
-7164
-4899
8273
5434
2021
8257
-3983
9262
2004
-8217
-1956
-5431
3139
-3776
3072
-5683
-5506
-7450
-8759
7922
-7162
5525
5734
-9104
-5083
-210
-5522
5320
7158
1949
9741
4699
-2465
-7415
73
-2724
3676
1957
-7899
-820
4795
8645
-2540
8863
-2018
4205
-5392
-5551
-2139
2038
913
6692
7605
-7135
-4315
-9383
-8249
-2981
-2424
-4181
8991
3248
-2217
7524
6367
1568
6540
-7590
-3924
-5839
-2137
-2240
6055
8212
-7310
-4017
-1583
-9302
8031
-484
3171
6298
6144
2211
1089
-4899
-5230
-2071
-6794
3254
377
-6821
-1329
-2678
-6176
9644
-2797
1310
9830
-2920
-8747
-6357
-2035
-2572
-5394
-3768
4203
-7179
2671
-2796
-2006
-4550
-9090
1087
7948
-3500
-5811
-6769
-2525
5050
-2506
4023
-6764
6410
-6994
-9082
-3575
-5705
-6161
-5094
4230
-1164
47
-6888
-9345
-2396
2806
2876
1532
6727
-4856
5184
-1907
1088
7218
8744
-8257
4915
9576
-5981
-3504
-4878
-9450
-8976
-8644
-4022
5986
-5335
7607
-5443
3004
-4797
6285
-3513
-3141
-8989
-7061
-3769
-4190
-8517
-2587
683
-7452
-791
6037
-1107
6507
2348
-1665
9649
-9511
9363
1201
2001
-922
5602
-6535
4757
-4887
1485
-5226
114
-9182
2254
8225
4499
-1473
-3436
3939
8842
8312
-6752
-4161
-5385
6688
8092
2263
-929
8875
-1318
-4009
-919
-5866
7833
474
8620
-2901
-1363
8018
228
473
-1534
-207
7644
-7478
3787
-7833
-2811
-1236
1065
3892
-2822
9663
-6360
-9596
-9039
-502
2400
-1272
4825
4377
8932
953
-6916
8659
-289
-8609
3645
4028
-243
8110
6547
451
1233
3261
-9745
4961
7907
6164
2218
-8103
-9431
6040
9397
-4518
-7142
-2080
5253
3347
9231
7819
-9833
4227
-9989
-5985
-8095
8950
-4888
-6288
7123
-2425
2408
-5190
5055
7248
-3128
1593
7124
-6885
-994
7138
4564
9436
-6061
-9194
-6470
-2127
-1874
8354
8260
8311
-4880
-3649
-9193
-7906
8339
8211
6678
4217
-8940
9438
-8129
-486
1118
7428
985
4084
-5526
-4791
9316
9466
7431
1284
-4042
-7842
8131
-2383
-7721
-9720
6923
-9009
-311
-9106
558
-1727
-7066
-3168
1759
-3751
3785
1393
6622
-6022
-9030
-5922
-7388
-7355
-4904
-5168
-6289
5482
-839
5378
3549
5787
9068
6938
-7474
-315
7709
866
4161
4908
4753
9529
-8579
7267
5399
2645
7247
2940
1806
8622
2764
8971
1654
7028
-1609
-4443
6864
-192
-8891
-3659
7276
-332
-6258
4357
2415
-5029
-4968
-98
7143
-6518
-8111
3113
8577
-8406
-1163
5066
-2537
2175
-9361
4349
2893
8644
-3059
5242
453
-2032
3411
6063
1463
-3917
2921
7410
-7450
7538
5226
-1625
4174
7735
-650
1409
7019
8845
3059
7132
7249
-9877
4012
2588
6349
7372
4494
3767
8778
-6071
-6127
8307
9446
3615
5101
-3103
-3471
-7685
3384
1038
965
-7888
8537
-2671
-4510
-6511
-4752
-5066
-1432
-5792
3193
-3987
-1367
1426
6056
-3777
329
-6885
2991
8815
1627
-6952
-3692
-2055
-4060
2219
-1333
5005
9560
8881
-6636
1580
-4311
-8666
7009
-6330
-32
4175
1161
5428
2528
-3364
51
1711
-7084
5679
-9482
2186
4671
-5805
1009
5222
-6839
275
1584
-4863
9390
6020
-1858
1490
-4281
8279
-4689
-1757
161
9981
81
9432
7523
2014
-7269
8376
1345
-8691
7621
4578
-4610
-4078
-6728
3296
4393
5488
-4400
1385
-4111
-9342
-3418
-2858
-1505
9860
3835
-2615
4941
-6243
-2577
6772
-5524
-3717
1413
5042
-8852
6501
-3613
-4877
-4333
-6467
-6968
-1983
4456
2977
-2513
7723
-5392
-6959
7592
-269
6514
-6571
-1208
-4698
-5200
6142
9563
5794
-5395
5585
4631
-313
3274
1360
-3689
-1702
-3943
-5891
-3625
-5800
-8119
-191
9064
-5093
4983
-9467
987
8335
638
-6198
-1036
-6442
-7293
-2506
241
3570
-7327
-3836
-7315
-7056
-4486
-4307
1774
-498
-3425
938
6299
3062
-9897
-1289
6139
4451
-4759
-2620
-3612
-3224
2593
-2533
4519
-3887
-824
1588
8766
-6916
-7920
-7818
-2640
3348
9171
1085
1319
5391
-6083
-3594
3113
-5972
7836
5343
6647
-5379
4378
6371
4534
-5610
9171
7841
4780
-3439
6507
3298
6381
6169
-9869
2022
-3161
-3957
4165
744
9767
-7965
-12
-8582
8252
-4152
1822
-9013
-9994
-1762
3851
-6346
2348
-4255
-1855
-7084
-3365
6776
7635
9114
-2078
249
3266
-9245
7352
-2479
14
-3858
-3856
4110
5034
-9924
-9084
2357
7554
5444
-4553
4776
6145
-1871
1552
-1090
5569
-7880
8229
-9309
683
-3414
6536
2089
-4159
-2708
583
-5334
2128
6060
5084
8820
-900
7871
-2929
-5374
-9002
-7096
2163
4031
2510
5050
-8689
3849
5691
-5711
3163
138
-5551
2967
11
3952
-1196
-7150
-684
2881
-6744
-371
-4664
7922
6145
3731
-519
5962
1946
6018
1849
2351
-3220
-8830
-9965
-5855
-7398
-1127
7298
6531
650
-1359
2851
-4544
3965
4603
5999
7781
5519
-9333
233
-5428
-7073
-3923
661
-4264
-8646
-2069
-9433
1711
9297
953
4114
-1294
5038
-9306
8951
1246
-1625
-9999
-8878
6927
5193
-7197
4666
9704
6667
2520
-8299
30
-2629
-7961
9604
-180
-9946
-2546
4611
-5126
3165
2855
-7298
1521
-173
4238
4732
-2339
-4757
-264
-5040
8835
-676
-3157
-111
301
-9004
-5171
-7101
6959
2825
-7613
1968
5852
-1643
259
2490
-6233
3952
4795
6876
235
-5943
2447
8491
-7053
4482
-9532
-3781
-1179
-6
-730
-4143
2847
-33
4301
-5565
-7304
-3915
-7911
5233
348
-4940
-5678
5398
8491
5997
8193
-6845
-1293
7926
4072
-5671
-9650
7808
8320
-2881
3532
-1348
-3826
-8742
-3074
-3206
6893
4465
7106
3486
3624
2489
-6481
-1491
-6247
4458
-6805
9533
-8125
6614
4607
6461
7884
-4441
4105
-3128
5130
-6371
9592
5303
-2783
3669
-5589
9466
-5598
-9045
-729
4795
1744
4180
-398
-6466
2094
961
6265
-4931
-8889
3189
-7584
-98
-2339
-6919
4417
4371
-1717
-4753
6004
-1546
4759
9571
438
-5880
-5025
8238
5463
-2946
6551
-1979
1192
-6261
2862
4355
9147
-2193
5178
-6067
7000
1080
-3910
-6465
7008
8405
-2928
-9926
3848
-2940
7068
3563
-5162
1077
-6738
1260
1567
2015
5811
7506
1927
-8614
7576
-4948
-2860
2942
-4698
-6504
-3551
2835
6211
8636
3053
9297
-4163
-6752
8462
6487
8170
3527
6016
9700
5137
8028
-8339
-3075
-8398
6451
497
-8138
-5676
9358
5595
-3903
5868
-1990
8289
7751
2768
-8490
463
-9860
8868
1220
6078
3794
6086
-7653
-9884
-895
5046
2630
-829
-49
1051
-2796
-6317
8119
-5012
8798
-6490
-8258
-9203
-987
3230
-7763
9538
-9937
8715
2035
-4110
-7521
-3964
9070
3886
-6591
4680
-9982
-4373
-1921
5888
-2622
-7524
-2938
5028
7133
-7771
-4549
3919
-9481
-8223
-4589
-312
-5958
-6926
-9283
-4439
3180
-3325
8985
7673
7224
-1505
5556
-3002
-9219
7373
-9739
1819
4345
-1533
3192
-8436
-5124
2479
3712
-2384
1090
-4471
-6538
-8263
-9189
8662
2304
1837
-3806
9522
-1319
8185
3622
9995
-5842
1049
-8779
-1372
8265
796
4430
-2185
6114
6595
6842
-980
-8519
-5099
-6424
-4456
2640
4810
-7568
-93
-9720
-5054
377
6734
-4138
556
1789
-5159
-1503
-4239
-4845
-9819
-8930
-454
6008
4109
-3949
-5266
-12
-9991
-1038
3772
6204
-2544
5610
5708
-2341
-3084
-1215
-6575
-4155
-6079
-9595
-6849
-1946
2584
5836
-9209
7666
-4850
1211
-3572
-2825
6990
-1183
7892
-2258
-191
1380
5448
-4591
6624
9274
3093
-6343
5775
3616
-7119
5546
7934
-8138
-2418
8846
-945
1129
5967
-7732
3515
9924
6837
6370
9125
-6491
-2684
9897
4445
9054
-2142
8368
-9404
8612
-683
-3346
-346
7590
-8904
8481
5408
-4568
8047
-1910
-1229
8265
-946
1260
-8740
-5384
8552
5011
164
3911
6697
-5011
-7451
-8288
8705
-864
110
-3481
3369
-7050
-4473
5651
-6619
-6962
-8430
8873
3562
-2345
-9894
-1170
-847
-737
6650
-5986
589
-3721
9094
-3892
6973
8531
968
-9445
1613
-5848
5821
-2257
-742
-328
3835
6461
4227
5947
-9726
-6678
5356
-8010
456
-4657
-3193
-53
-498
-7843
7789
-451
4165
-9133
-9593
5995
-5294
848
-1081
5516
5251
9226
-7173
6224
-3664
1669
-3162
8353
2571
3050
-7493
-8626
-2587
-9803
-8001
9986
-8781
604
5661
-3461
3353
-7451
6341
5509
3106
9338
7909
-4832
6665
222
6047
3576
-3556
4292
-2486
-9301
1180
1205
7765
7487
6209
384
-6518
8757
-573
-1736
-7155
5405
-9039
8935
4581
3507
3655
-3204
695
-5637
7602
-6064
7290
9960
6731
7600
-3141
6617
8300
-4189
-8330
3732
-4229
-3685
-917
-1313
-5102
6863
6955
5659
7723
-2207
9535
-7910
6999
141
-6558
470
-3090
9507
-9319
-6088
2352
5863
-27
2085
-2831
6831
-7290
8162
-5558
-5968
-2360
2023
6189
758
1116
115
2539
1848
-6881
-1817
6523
2945
9082
6652
-4657
9510
8385
3407
3076
-3898
-983
-8247
6349
-9039
810
-4799
-819
5656
6462
-6082
-7545
3326
7516
-4384
1840
-8204
-6041
8279
-3938
-8799
475
-1421
1737
-1355
6024
8802
-9070
-4920
-9863
-8004
3174
7265
-2145
-6117
3927
2760
-146
2262
9911
418
-7411
-4222
-1030
-6755
-3553
-5937
-5959
-2964
-1394
1304
-5952
-7862
1745
8043
6739
-4766
-4395
7057
-3717
6703
3363
-3371
7861
-776
-6009
2699
-4352
-1126
-3278
-6226
-3327
-7768
7977
4415
6838
5615
-200
5167
4745
770
-5458
-9009
8996
114
-1461
-1535
6581
-8144
7757
2332
-4648
4005
-2734
-4478
2056
-8904
-5114
-2531
2468
4054
-3978
4459
-4712
9405
-772
7596
166
9557
3396
-6321
3408
2447
7931
2643
-7072
-7010
4077
-4048
9310
-1964
-476
3846
699
7753
-3336
8458
905
128
8892
-2002
4317
6503
-6148
7053
-4449
-6001
9895
-4554
-3526
-1961
-885
-3770
330
-5383
2705
1259
-1035
-3873
-8208
5207
8412
-6789
1840
6610
5983
5215
9792
9655
6771
-6291
810
4570
-6559
4750
-1823
-7030
-3675
-4785
-1733
-7683
-8416
-2647
-4307
2479
2453
4836
314
-8013
-6633
-7287
3077
-7021
-1501
5560
2875
-6236
-5781
-6413
8627
9694
999
-475
2447
-7256
-381
7362
6457
-173
6792
-4802
-8306
-3118
-6010
7437
5308
-5806
8090
7517
-4787
2874
-6404
-5445
5750
-6552
7788
-2512
6833
8672
1220
7389
-5319
-9774
3121
4704
7261
2715
-1151
1654
9619
9370
-4657
-2669
-2819
-4040
584
4757
-4872
8638
-5314
4438
9024
6118
-4632
-8012
1884
9538
3790
2013
-9033
-4770
-3653
-3425
9493
-5355
-445
-7665
-2166
7480
-9597
1613
-568
4771
8365
7880
-8767
9758
2650
-9907
4383
3910
-4358
-9283
-1513
4887
-3521
-8827
-6793
-7754
-8429
-6455
5341
5242
1381
-8724
-4081
4199
721
-9174
9725
-6297
-8817
6067
8969
-6274
1065
4685
-2985
5166
942
70
7730
-5407
-1047
2471
-3875
8971
1428
-5658
-2464
9965
3335
2362
2604
3796
467
9205
-7409
6792
-3628
5819
-1715
-6867
-2577
9140
-5456
9009
26
-4774
-8589
-6404
-3382
-9072
4260
6648
7839
-5848
3560
-5725
-9714
-2215
-6345
-8279
2803
-8581
8866
-7179
-1186
7655
7620
3323
4392
-2461
686
-3808
1305
6378
-2082
-6620
2890
223
-9217
-4042
-7993
-602
-9362
9616
3191
-9827
-3703
1376
909
-5340
851
-2516
8150
-1354
-3112
-5274
5988
-9745
5833
8112
-1864
-4687
-4828
4115
1858
-22
-1380
8106
-2788
3295
-3899
-5968
4240
7345
9900
-981
-7180
-162
9677
-1465
2878
3463
4124
-5213
3406
-4341
5201
-8903
-2330
3180
948
-6856
4910
7178
-9254
1497
-3571
-7240
6031
-3002
2212
-7540
-3217
5047
6050
-6032
3505
248
-151
920
3553
-7838
-2533
2559
-1764
-5800
9269
5004
7327
9493
4590
2027
-7383
192
-8290
8434
7173
-6964
-2246
-6038
-9961
-1131
-2765
1898
2941
-7591
-2086
-464
2607
-828
1901
-4236
7089
6089
9451
5798
4424
-5989
-7967
9161
230
1000
-3852
3262
5983
-1871
-4355
-897
-4736
5139
-4809
-3172
4680
-4608
-9869
452
-4846
2630
-1082
-8449
4927
4784
1317
4306
-6904
-5755
7683
-2438
-8325
-5783
-7495
-3449
5619
-4025
7481
-2307
-5098
9129
-893
-3085
5520
1323
-3311
-5149
-1573
-688
7294
1764
-8159
-3248
-8546
7192
4642
3576
-4348
-3707
-3048
-747
1454
5562
-5268
-7868
3518
5421
9155
-7615
-4793
7245
408
1675
7386
4779
-4064
6891
2270
3710
-4920
633
-9430
5879
-474
-1519
8424
-808
7151
8306
-5338
3329
-9319
5373
3484
9043
-6837
668
-1217
-9033
9264
-44
-8903
9069
-7153
-1016
5098
2888
-4800
-2216
-7748
-7760
6057
5823
3851
7765
5769
-6649
1716
-7341
-5774
-3528
-4571
-4572
-5891
4606
5126
-252
-8259
6690
9383
-5428
-1201
6710
5447
-3898
9173
8612
4754
-9879
-6239
1954
-5665
-534
-8612
4842
9032
-2672
4057
-5251
-7748
-1379
-1066
7335
3913
-6797
6799
1946
-4127
6490
-3198
-9660
2393
-2408
-6418
8944
-7526
-7584
-770
-3523
-1146
-4982
-2120
8898
-1180
-9326
3139
367
-4141
-8539
79
5289
7014
6736
4017
2448
-5978
4767
4018
737
-6623
-3189
7776
-3154
-5779
-6985
-57
-9772
3061
189
2457
5132
4394
4901
8082
3399
-661
-7137
-5562
8130
9897
9463
4243
-403
3371
5700
3990
2900
4674
6355
2987
6310
-1577
9562
4780
5185
-7372
4300
5472
4160
-1263
-6937
7639
2409
9155
-4862
-9398
-2995
6743
-667
3238
2715
-9180
222
-4984
-1289
9898
-8676
2585
1372
-6030
9442
3194
-4644
3383
6677
-7525
-410
-8711
9835
-7435
-5416
-207
-9830
8236
7487
-3267
8
-4846
8302
9284
-1470
2976
2175
-7747
-5492
-373
4926
-4248
1065
-617
2537
-8240
-3620
5313
-2222
7755
-2361
3984
1119
1528
-7658
2340
3552
6169
-1404
-1080
2504
-3484
9257
9079
-5885
-4486
9217
6210
3218
-5542
-6383
-7956
8008
7569
-4298
2356
-3672
-5809
-1296
-8457
1775
5151
-3231
9646
-3627
-4523
5031
-7636
7511
-6185
575
7565
3232
-253
-2892
9489
8622
-2324
9132
-7809
3734
-1261
9519
-4603
-6589
3390
-4541
-6248
5257
1404
3502
3575
-7542
-3149
5263
9031
445
5346
-6264
1188
-8941
5746
-3541
8988
1293
-9658
8993
8459
-7400
-9051
8100
8770
-3153
749
1298
7212
-7336
-6418
-9216
4782
1829
6486
-2958
2464
6804
5517
-5755
-7315
6025
-9192
614
8899
-8683
-7896
-5264
2482
3202
-3972
2221
-8954
3508
9214
5874
2749
-7762
-6352
8526
721
-4577
9616
1686
9690
720
3609
-868
-6786
-1601
579
3422
4748
-2098
-5355
5287
3919
-2428
-4185
7308
-3775
-7383
2293
71
5660
2891
-9690
-4588
1884
4870
-5192
1455
6813
9284
-7566
7323
7426
8380
7391
9754
556
-8899
-8895
-4746
-8706
-1280
180
-953
-5524
-8823
4903
-2419
-6633
7072
-4743
8329
7228
8842
2512
-1548
-4576
-7955
9349
-6655
6526
1725
1090
1771
277
-6541
1802
895
-902
1651
1268
-991
2468
4282
733
2882
-8371
9221
-2664
-8076
9128
1536
110
-9983
7884
-1844
1381
-7992
-5968
9770
-6873
6078
7293
7258
9759
-5939
-7661
4436
1686
5728
3928
-1574
-3661
712
-2263
9823
-2534
6360
1357
-5807
8897
-5090
4935
8695
1690
-5306
5485
7343
-9845
-7560
-9551
-8495
8824
8564
-1743
-2932
3041
4416
-7020
-4275
-3965
5466
-2533
5347
-993
6945
-5555
-7481
-7385
4200
1058
4031
-2960
5671
8062
7690
5301
7550
7598
3625
-8849
-3025
6960
-704
5968
2864
-7662
4504
-8222
-8322
4112
3525
4192
-8810
7398
-4673
7699
-2223
-532
6175
4320
9381
7484
-1855
-7918
-8466
7485
-180
-9649
2218
-6905
-6882
-2380
4715
-6620
-3057
-3581
9214
-673
-9592
-7161
4556
-2509
7616
5423
-1300
3135
9267
-3680
-9458
6806
-8378
-4595
-9137
9294
3353
7102
-9275
-9085
8452
-9840
368
-473
2312
-8861
-4774
1621
-646
-9979
8124
3924
-5046
-3531
8126
-6808
-6950
8456
-5043
898
-8738
6261
-6885
1
1783
-9245
-720
8250
5231
-8541
-9980
6629
7357
4729
3603
-3100
2397
-35
8371
-3343
6316
369
1569
-1390
1988
6038
8010
3811
-2628
-429
7202
3352
-5142
-3103
9616
3263
6820
-6608
-254
2157
-6715
-4445
8964
-44
-2622
-3616
-4403
7827
-5711
6926
-5546
4977
2621
-8238
-440
-1054
-7759
-4392
844
-239
7346
1453
9133
5214
2585
8044
7312
7233
-2750
-5487
-4651
5738
-9657
8316
9663
2998
-4570
5133
-7427
8417
2736
5722
8793
3022
-7456
4630
-3574
-1868
-4419
1284
-1957
489
7860
-7539
4226
9480
-1821
1180
543
2786
-8000
6128
4876
2494
3578
7132
1914
5993
8204
1933
-8921
4758
-7310
-9365
4260
6380
-6279
1527
-1759
1838
-3111
-4730
6172
-9911
7541
-3548
-8937
9948
1936
-218
-6034
-9636
-7992
346
-5040
1728
-7992
2387
-3626
-392
-5185
-7854
5613
-7426
-5137
-2746
-3272
-8244
-3803
-7664
-7265
3782
-4495
5417
-341
-9431
1077
4425
660
-194
6091
4600
9111
-1762
7189
3832
4434
-866
440
5792
3317
5755
-7573
-3251
5045
5924
9932
-692
5642
5601
1223
454
-1346
-286
3244
2395
5490
-64
5335
3727
8209
-4295
3162
-3551
-2504
4110
-1009
752
593
8334
-1668
-9411
3139
8783
-2423
-7736
-7911
4493
2166
-1415
5712
-8398
4908
6649
-2521
7434
4981
-8578
-8632
2063
-9119
4482
9897
7400
5528
-4874
6066
4657
-3417
4481
8097
539
5050
-4307
765
8620
4323
2938
8263
9526
9389
-1158
-8977
-8925
-1513
-6024
-9624
-982
-7908
-5077
-1530
79
1656
8926
-5716
-9639
-7155
-8881
9265
1828
9002
-2768
3145
4428
5754
-7310
9322
7208
7458
303
-4191
-4026
-6064
-5473
4089
7259
-7256
4669
-4527
6925
-3299
-1186
1927
6854
-445
2401
2103
6418
8658
8788
4394
2762
-8751
8471
-3540
4409
-2385
702
-3184
-4606
-3657
9676
-1891
-6126
9600
9426
4804
57
2530
443
-8254
36
-8230
1692
9651
-6055
-2776
9901
-6448
2817
-7245
-1580
-5861
-3878
3485
-2814
2289
3549
-6832
-6462
7841
141
4166
3450
-1380
-3919
7760
-3534
-961
2788
-5788
-6408
8774
-7046
-2107
6937
-3160
6543
6099
-3202
-7107
5339
1907
2661
2606
2260
462
5600
-8144
-3432
-5819
4497
73
1968
6929
6322
-6972
-2549
-6913
5879
3103
842
6489
8926
-3412
-727
-9424
817
5948
-3218
2209
9083
-9203
-5252
-372
4333
1178
3875
9780
5194
103
-9249
-1140
7499
1981
-517
-1209
6319
-4599
8339
-7612
3405
8313
-8325
9602
714
8953
5661
-2407
4531
-5563
222
2376
-3232
9715
8503
9750
-3911
5909
-2256
6730
3488
49
2530
-5030
7034
-4871
2165
-2927
6290
2403
-8867
-8455
-5359
2550
-4094
-4001
-3716
-2394
4242
-2123
9471
4674
-74
3920
-7722
-7573
3667
-3296
7176
2122
-1399
-8813
-2821
-2295
8607
7342
9248
4848
-6338
-5889
-1727
5987
9376
5107
-7473
2827
-4718
-297
3214
-7986
-4313
-913
-911
2257
-6068
1768
4234
-2057
9579
-5548
-1357
-2459
1734
1368
7813
-6074
-5927
-4942
-2292
-2659
6276
-5128
7309
4558
-8725
-4052
1797
-4343
-2339
-2736
-4479
8302
3636
4263
2079
-5948
2610
-1556
7707
4713
-4703
4544
-9079
2545
6520
8422
-8489
-3888
-6378
2262
-6337
4622
6470
-1958
-297
-6255
-1455
5056
6538
4183
142
3761
8726
-8553
-2940
8165
-9628
6943
7967
7540
9117
1590
2425
307
2385
-6850
-6238
-4409
1364
6495
-8762
-9320
-2893
-5111
9501
-2768
7369
-2996
9189
3192
9482
-278
5250
-3961
-4812
6807
4893
-2255
-6402
1581
-5179
-9086
1515
-5750
6817
237
8969
-4897
-7304
9799
7750
6229
-2845
6164
1206
6249
9173
-3027
-3572
-9286
-3389
-9136
4527
947
-1789
2728
-4730
4149
2688
7396
-8588
155
1061
2783
-2826
-3748
-6898
-383
-2844
6666
-1426
-1438
553
-5027
-4031
-8711
-2983
9019
4559
-2986
-8236
-8337
3069
-4448
6895
2870
-9347
-7988
4235
-2905
1365
-5512
1943
-6777
-3372
-3681
-6285
-5739
4455
-8546
-2828
-5379
-2557
7045
2363
-7520
6209
-698
-5850
-3437
-8457
4340
-1235
-7465
6486
-1009
1351
-4825
6441
109
7052
9987
7948
-5197
9703
5975
-2767
-8871
-2627
-2079
-1632
9245
8387
-4971
9802
4540
2811
8575
-6403
8250
-6587
3663
-6606
-1403
-6077
3416
6553
-9478
4919
-912
-321
-3576
1325
1481
7319
701
-8976
-7667
-1589
977
-5668
3668
9408
8038
8066
-8956
-7593
-7627
5655
5076
7111
-8188
-3101
8020
-1801
-3362
7237
-5419
-3029
8046
9646
210
9022
8473
-7205
7879
-6090
9522
6403
1208
-9199
6434
4979
-6464
-5682
1340
7842
-4216
6304
7711
1121
-3476
-1365
4736
-1064
4440
1974
1912
-8122
-8247
4647
-6232
3452
-9466
-8714
2129
-1330
2331
9479
-3657
6082
-8478
-6841
7416
-9186
-9067
6703
-677
-21
-7208
2366
-7134
3384
-6266
3193
-5830
4284
7547
-4835
-918
2734
-4777
-781
5467
1569
-1382
-2929
666
6630
-5261
1286
6620
-9910
-5512
1457
-5543
1041
3338
2595
7739
8203
1928
7844
-777
2136
4150
-8911
-8176
6644
4768
-653
8214
2884
443
-3193
-2825
-8594
-3409
-6593
5851
9871
7773
-5071
-9280
931
1770
9760
2961
8901
4643
3059
2813
8370
9423
-832
-2033
845
5229
-6727
3986
3155
-155
-169
-7716
9270
-9432
-1492
6625
737
-1467
5220
4765
105
8855
-8663
-2615
3916
-2598
4758
-5943
-5371
-5636
-4660
-9780
8317
-5000
-2283
-3584
9297
-3616
6640
-2432
9056
4796
6521
9316
-4438
-8340
3665
-773
6540
2902
-8530
-3776
8975
-512
-5025
-8902
8069
-8829
-8843
-6208
-5073
-4614
-961
-5026
-1370
-1925
-5192
2804
-4063
-5058
-2400
8814
5861
-2813
-4962
9791
-6987
-4104
-4758
3474
5660
5273
3740
2738
-7324
-3309
-137
-5654
3764
-7961
4301
-8081
1550
1397
-578
6541
4160
-539
5541
5998
3354
-2933
-8689
32
8688
-9694
-5407
-9919
6334
7647
-4933
-7213
-4666
8775
-3013
9827
9683
-6334
9168
-7566
6708
-5331
-9537
8551
9360
-7772
-1306
862
3329
4437
3183
4631
9163
-4428
4814
5465
9037
-4231
8792
-4587
-1736
2073
4865
2206
-8025
2585
-5715
-1382
-6191
8511
-3372
7903
-7645
7952
-5026
-7832
-5951
-2106
2639
-6858
6129
-6085
-6977
-8762
3237
-9784
-9168
3849
3246
-8210
2413
-3570
4136
-5487
228
-3774
-2458
4957
-6389
9397
5050
-8166
-9922
-2514
-1816
2662
-3141
-2363
7656
-6879
-3819
-2009
7588
-521
9862
9982
9670
7344
-3673
-9538
2621
-3834
4270
2396
3520
2755
-463
-1113
-2202
-8520
662
5449
-2778
-8455
4711
9834
-7656
5924
39
4844
9583
-5
1623
4730
5711
-1955
8606
5243
-3431
-634
-5291
-357
5869
-3672
6556
-3604
5075
-1728
2484
7227
7032
-8217
4851
-2155
45
4971
3201
6902
5103
-3256
5066
-1685
-6758
-4086
8258
-2162
4045
6489
8392
-6133
-1780
2278
-3419
-5605
1746
-5713
2852
9409
-4344
-3192
2972
3363
-9260
5019
4363
1956
7477
8582
9580
6105
-5123
-1783
-6404
7863
2105
-8827
-8369
-160
-6665
-2195
5683
2175
-8555
1170
6059
8298
4783
-9380
1271
-8472
5461
3995
7893
-6337
-9103
-1599
8809
-4857
-4793
-6065
-9325
8540
-2268
-2005
2263
-7604
-4283
-6467
2939
4066
6824
-846
-765
-4007
-7286
5524
3886
4048
-9388
-520
-5625
3719
7656
-2777
161
-8413
-3609
-2615
6568
-701
-3683
-5430
6181
-965
7526
6604
414
3181
-7142
8687
-7459
1597
9963
-48
1363
603
1176
9733
-272
766
5365
5579
5809
7144
4681
-4797
4300
6846
-9226
-667
-9922
7225
-9644
4114
5172
9597
3897
1791
1732
-1559
6997
-5484
-5019
1655
-6438
-6650
3068
-3241
4851
-325
2237
7969
4167
-8790
-4797
5325
-6678
-9528
683
-7522
1634
-2322
9754
-2706
3187
-3376
8989
9349
6551
322
8236
9117
-2880
2995
4430
2771
5310
8519
-9986
-2021
6790
3979
-1827
-2846
531
-1617
-4526
1292
-7088
5653
-2217
8823
-8099
-4312
-165
2943
-4070
-6335
-450
3677
8352
-4938
2055
5984
-4671
3426
-2047
4795
5434
-7567
-7326
7637
-6806
-183
1653
7784
-8287
-606
-4656
7320
125
-2194
-4113
6486
8519
-1284
-3061
9592
-5498
9655
6587
9311
8934
-9060
-2844
3833
-9862
-2284
-3357
-7814
-8471
6749
-4020
-4642
-8193
8588
-6208
-8297
4320
8009
4549
9393
-9973
8880
1701
-72
-8573
-9599
-5091
4432
-5200
6694
3309
8860
2415
-2344
1015
1334
4787
-7983
-6547
-764
-1854
-4563
-4137
943
-4844
1084
2829
-5166
-9811
2267
-5666
-9265
6083
-5185
-8856
-7882
-3418
-2659
9725
3896
-828
-2275
-4662
-9430
6264
1413
-7791
-6363
-2066
8489
-6509
6251
-6191
-8803
9064
-8289
-582
9468
7782
-57
-291
-6205
8698
-229
5409
-8486
3866
-473
6562
659
-1712
-5772
-4168
-6564
-9686
768
1012
-9758
-2954
6999
6649
-9442
1492
-7957
5049
4024
-3766
7344
-8748
3937
3143
2710
3774
2293
657
-1668
-6228
-2453
5436
6684
-7698
3206
4195
-1215
-1498
8562
2739
8998
1881
-661
6688
7870
4864
6667
-3383
-1793
-3227
-1556
-5556
7496
-3086
-4009
7536
-2727
8196
-7027
-5756
-9784
2982
4231
4810
-4012
9469
-2470
-4395
-6187
-9295
-1108
-5749
-6094
-3879
-1780
3371
-3661
4209
2223
-2530
9360
-3575
-414
-831
6774
981
-9710
274
-2837
1670
2781
4244
9373
2742
-9095
4602
5681
-8115
-8711
8470
2093
-4409
-1640
8829
-9317
6135
-2032
9916
-3843
-3747
-9484
-5894
-3045
-5835
-3203
-8605
3742
-325
4814
6034
1442
-5933
-6080
-3210
3558
6632
-308
-930
916
-1163
-8554
-8897
6836
-6186
-2304
7297
5225
-80
6237
-8513
9613
5281
-4046
6372
-8894
2941
5117
-5686
1264
-2260
-414
2189
-8369
-4373
-5647
3470
-6841
8748
423
1649
1056
5147
-4111
9791
8430
4301
3564
-7445
1863
-975
5432
-374
-6859
-1179
-3805
9627
5704
7121
2549
8800
-9339
-4848
1677
7106
-8839
-6574
-3380
-8996
8254
-2326
-9656
9639
-6954
6416
-2140
1497
-4927
7502
-7643
5341
-4960
-2788
-5698
7322
-2211
-2217
3202
6619
3619
9991
6310
5779
-5748
7223
-715
8129
-5405
8315
7827
7531
-2122
-2507
-6912
7199
-6403
3234
9115
6529
-5017
6503
4513
-8485
8796
-853
9841
3870
-1961
4279
7443
8402
5326
8234
-6267
6657
8834
-312
4352
-7952
9230
-444
-2146
7727
1505
9193
-2852
-8393
6752
4770
2750
-2172
4531
1566
-9657
3644
6304
-8762
-1092
-1794
-6517
8582
2205
7531
-2811
-7335
2920
-3500
9435
-3565
301
-6970
7361
5519
7483
3129
-8781
5350
5909
6476
-4195
8188
-7376
7926
142
6691
2439
301
2450
3007
9030
-8873
-3624
5476
9331
8552
2158
2319
-1564
-1365
-2712
-6362
-5455
-4581
-792
6315
469
2152
5229
-927
-7855
-4168
-1099
-2540
8951
1969
-5825
7032
-6389
-1915
-7324
8211
-3627
-1088
1390
3037
-5464
-7215
-1397
6417
1376
-1664
8200
8174
-7855
2085
-1168
-90
6883
-8367
3306
-7258
9474
9502
-5758
9429
6674
-1637
2636
-7871
-6875
4928
1968
6453
-363
1744
4342
4539
-5046
8672
1925
-2320
-1879
9015
9864
9429
7599
8261
-7861
790
772
2896
-5184
3382
-7728
-2342
-8515
-701
-5720
3386
7613
6292
9800
1506
6686
-924
3750
-3717
-8087
-641
-6165
-6111
309
4115
3335
8945
-5050
7750
4739
-5528
-4982
4324
-663
7628
-1182
8267
559
9748
4938
4815
-5319
-4914
-4336
-1491
-6587
-347
4941
-8935
4622
8131
-3994
-6643
2414
1616
8546
29
9865
7844
-9726
-5332
-4896
1343
1189
9179
-5710
2523
5005
9032
-8363
-6261
-1706
9870
7436
-8038
4085
-3907
-6368
3608
7388
-1580
-223
7759
7780
-7803
-5112
5415
-8549
3141
-4619
1513
1914
-2404
6355
-9020
-5844
3419
9215
2223
2721
-3514
-4886
6507
-5247
-7338
-8329
-7186
-1758
-3636
-4696
3446
-4397
-6771
-1433
6916
-4060
-1402
1631
6235
-1214
-319
9720
-6857
-1616
-763
-3088
-4053
7275
-7249
-2370
-3807
-8819
3896
7587
-7743
1761
-3894
7542
-2418
-6361
-8966
-3500
-4202
4991
4852
9202
5243
-5990
-6418
-1604
6520
8043
7727
1942
-3964
8509
1508
8605
3828
-1955
-8630
-4214
5049
9127
6410
-98
2934
-9716
5679
4880
3806
2768
9702
8796
4194
-5245
-2594
-8904
4198
-5589
-8554
-3195
3632
9626
9205
-9591
5814
9884
7346
6330
7329
6890
-7153
1190
-7409
-1119
-1507
2851
-9196
-7431
-4323
-2011
-8393
-6350
4417
-4330
-7977
1127
-1326
-212
4753
3043
8729
-8713
-4803
-2532
9042
-6855
1216
3472
-5315
-6882
-4053
-4751
-7882
8721
2991
7123
-5189
-1072
4644
1747
-3784
-8676
-4092
-7020
3898
2907
138
4622
2502
13
-5772
484
8383
-3411
4181
-2274
6314
2099
8431
-9942
-6709
1511
8044
9708
-3093
-9086
-7841
-7352
3410
5311
4645
4249
-9379
-2866
1678
1507
1160
7861
7223
4977
-6761
-4801
-2493
5041
9972
7860
6951
7626
8091
-9214
2047
6625
2914
6763
-5603
9557
484
8733
-1094
-3731
7186
1246
-1504
2845
-2217
3381
-4088
8858
-800
2524
3227
-5759
7055
-2796
-2607
-7661
6682
-898
-5915
-1901
-5501
-8022
-6878
-5031
7985
-2646
5511
7085
-8697
8916
-4729
-943
9280
-1632
-1256
-2416
2805
-4417
9423
-617
-3854
-9283
-5014
-3022
9314
526
4282
1568
-6940
5357
-3683
-9015
-7258
-1646
-7769
7049
4235
7540
4566
3056
3741
8052
1415
53
6751
6392
8046
1350
8238
-7993
7359
1390
-7810
698
6857
368
-4765
-1299
-9270
-3787
7121
-3028
-5464
4094
-2700
5216
8258
-713
3052
-934
6959
5193
815
9604
4650
2828
-6923
-3857
264
-3990
7051
4163
-9315
-3904
5545
-8588
6465
-8650
3058
-4031
-5207
3911
-9697
-2747
-1508
-2877
3220
-6858
5137
-5577
8916
-8475
-7833
503
4611
-7541
-1287
8109
2228
3814
5436
7284
-4634
3884
-789
9049
5388
2974
-8928
3337
6871
-5612
9765
6069
-1957
9351
-8402
-8734
7454
-9605
8506
-8946
-3320
5513
-1799
1317
9084
9570
8044
3682
-8949
-5762
-9143
-1828
-3166
-5894
8249
7493
-5916
-5423
-1502
-4654
6064
-3267
1985
4168
3123
-3614
-3338
7727
6090
5887
9651
-2446
-3816
-2376
6634
8808
-4473
4642
8414
4739
7040
832
-7417
6077
-3026
8724
2471
540
-3692
4650
7847
2181
-8534
-2795
2492
1863
2108
5048
3867
-1086
-696
-9360
-8820
3541
-3179
3530
4653
-9074
2757
-747
6291
9362
-610
-3317
359
-3202
-7788
-4062
369
822
-2943
-657
-999
-7080
-7894
9392
-4684
-980
6961
4624
-8720
-7902
-9197
9103
8038
5230
-3253
-9841
-4270
8143
-2852
8719
9994
561
-8736
-3814
-4168
5469
-1699
-1414
8132
4042
-525
2659
8666
4215
-6668
7755
8247
1754
2790
4512
8865
-931
-9065
-5406
8381
9014
6823
-135
-4531
-6306
-6994
177
-8809
-3756
-7276
-3223
-6893
7809
932
1139
3790
-7078
-5362
1294
-1119
-578
8024
2989
3224
-3788
6909
-755
7077
-8438
7008
1069
8703
2014
1011
-8196
313
7485
-2340
7962
8899
8910
6473
-2031
718
-3144
-9563
-5173
-6703
-4372
-1695
6748
-8966
6753
153
-7990
-8322
-1233
9437
-8614
8622
709
8252
-756
-9683
2927
-3453
8468
6443
-6953
-7683
4431
-3358
-1073
-7253
-232
2823
1932
-7878
-4182
-6031
-5707
-5312
5225
-6770
5000
4802
8502
1157
-1367
677
-7323
8882
-8502
